10 5
BULDOZER(COMM)
4 3
0 2 0
2000 2000
750 0 100 0
2
2 30
BULDOZER(FABR)
4 3
0 2 0
1000 1000
750 0 100 0
2
2 31
BULDOZER(LAB)
4 3
0 2 0
1500 1500
750 0 100 0
2
2 32
BULDOZER(REACT)
4 3
0 2 0
750 750
750 0 100 0
2
2 33
BULDOZER(SONDA)
4 3
0 2 0
750 500
750 0 100 0
2
2 34
LASERTANK
4 4
3 6 7
350 400
300 25 8 4
1
2
ROBOT-PW
2 3
8 11 12
250 750
250 20 6 5
1
2
RACHETE
2 2
13 15 16
500 750
300 100 100 10
1
2
BLINDAT
1 4
17 18 19
150 150
150 10 10 4
1
2
TANK
2 3
20 22 23
300 300
400 45 40 5
1 
2


COMM
0 3 2
1200 0 0 0
4
17 16 12 13
SONDA_TITEI
4 2 2
700 0 0 0
3
17 12 13
REACTOR
3 2 2
700 0 0 0
4
16 14 12 13
FABRICA
1 3 2
1200 0 0 0
7
14 11 15 22 23 12 13
LABORATOR
2 3 3
1600 0 0 0
8
15 11 14 20 21 19 12 13